1.081588831905986731e-01
1.910896400637267512e-01
2.267847548244432132e-01
2.419932006291230508e-01
2.595276430643805865e-01
2.769726252239640973e-01
2.860082297168151100e-01
2.937019140269466755e-01
3.053319036219409588e-01
3.039005197135381531e-01
3.159778147727906883e-01
3.299337990873933424e-01
3.286813392363372444e-01
3.427267861448389796e-01
3.471103969632800545e-01
3.666129895134504491e-01
3.682232960421404910e-01
3.720701386931117849e-01
3.785113623390088389e-01
3.947038823466412771e-01
