1.286057152315950303e-02
1.068007188883644647e-02
9.832065345095909389e-03
9.436882258719308733e-03
9.088781928151344613e-03
8.855071658990767286e-03
8.657102264453236939e-03
8.504907888276838288e-03
8.341807038965672397e-03
8.248575528579372290e-03
8.099081876890500478e-03
7.989507150451529566e-03
7.890352392580849555e-03
7.805770871876512897e-03
7.683298394242613245e-03
7.602917119270095371e-03
7.522408953554745974e-03
7.460592457407071686e-03
7.385139296334226888e-03
7.335230963740222918e-03
